0.0 2.0
0.1 2.2
0.2 3.4
0.3 2.6
0.4 2.8
0.5 3.0
0.6 5.2
0.7 4.4
0.8 4.6
0.9 4.8
1.0 6.0
1.1 6.2
1.2 6.4
1.3 4.6
1.4 4.8
1.5 5.0
1.6 7.2
1.7 5.4
1.8 7.6
1.9 7.8
2.0 8.0
2.1 8.2
2.2 8.4
2.3 6.6
2.4 6.8
2.5 8.0
2.6 7.2
2.7 9.4
2.8 9.6
2.9 7.8
3.0 8.0
3.1 10.2
3.2 8.4
3.3 9.6
3.4 10.8
3.5 11.0
3.6 11.2
3.7 11.4
3.8 11.6
3.9 9.8
4.0 12.0
4.1 11.2
4.2 11.4
4.3 12.6
4.4 11.8
4.5 12.0
4.6 12.2
4.7 13.4
4.8 11.6
4.9 11.8
5.0 12.0
5.1 14.2
5.2 13.4
5.3 12.6
5.4 14.8
5.5 15.0
5.6 15.2
5.7 13.4
5.8 13.6
5.9 14.8
6.0 15.0
6.1 16.2
6.2 14.4
6.3 14.6
6.4 14.8
6.5 16.0
6.6 17.2
6.7 15.4
6.8 17.6
6.9 15.8
7.0 17.0
7.1 16.2
7.2 18.4
7.3 16.6
7.4 16.8
7.5 19.0
7.6 19.2
7.7 19.4
7.8 17.6
7.9 19.8
8.0 19.0
8.1 20.2
8.2 18.4
8.3 19.6
8.4 19.8
8.5 20.0
8.6 19.2
8.7 21.4
8.8 20.6
8.9 19.8
9.0 21.0
9.1 22.2
9.2 21.4
9.3 21.6
9.4 22.8
9.5 23.0
9.6 23.2
9.7 22.4
9.8 23.6
9.9 21.8
10.0 22.0
10.1 24.2
10.2 22.4
10.3 23.6
10.4 24.8
10.5 23.0
10.6 23.2
10.7 23.4
10.8 23.6
10.9 24.8
11.0 25.0
11.1 26.2
11.2 26.4
11.3 25.6
11.4 25.8
11.5 27.0
11.6 25.2
11.7 26.4
11.8 25.6
11.9 27.8
12.0 27.0
12.1 27.2
12.2 28.4
12.3 28.6
12.4 26.8
12.5 29.0
12.6 28.2
12.7 29.4
12.8 29.6
12.9 29.8
13.0 29.0
13.1 29.2
13.2 29.4
13.3 29.6
13.4 29.8
13.5 31.0
13.6 31.2
13.7 29.4
13.8 30.6
13.9 30.8
14.0 31.0
14.1 32.2
14.2 32.4
14.3 31.6
14.4 31.8
14.5 33.0
14.6 33.2
14.7 33.4
14.8 33.6
14.9 32.8
15.0 32.0
15.1 32.2
15.2 33.4
15.3 33.6
15.4 32.8
15.5 34.0
15.6 33.2
15.7 33.4
15.8 33.6
15.9 33.8
16.0 36.0
16.1 36.2
16.2 35.4
16.3 36.6
16.4 36.8
16.5 35.0
16.6 35.2
16.7 35.4
16.8 35.6
16.9 37.8
17.0 38.0
17.1 37.2
17.2 37.4
17.3 38.6
17.4 37.8
17.5 39.0
17.6 38.2
17.7 37.4
17.8 38.6
17.9 37.8
18.0 38.0
18.1 38.2
18.2 39.4
18.3 39.6
18.4 38.8
18.5 40.0
18.6 39.2
18.7 41.4
18.8 39.6
18.9 40.8
19.0 42.0
19.1 40.2
19.2 40.4
19.3 42.6
19.4 42.8
19.5 41.0
19.6 43.2
19.7 42.4
19.8 41.6
19.9 42.8
20.0 42.0
20.1 42.2
20.2 43.4
20.3 43.6
20.4 44.8
20.5 44.0
20.6 44.2
20.7 43.4
20.8 45.6
20.9 44.8
21.0 44.0
21.1 46.2
21.2 46.4
21.3 44.6
21.4 46.8
21.5 46.0
21.6 47.2
21.7 47.4
21.8 45.6
21.9 45.8
22.0 47.0
22.1 46.2
22.2 47.4
22.3 46.6
22.4 47.8
22.5 48.0
22.6 48.2
22.7 47.4
22.8 49.6
22.9 49.8
23.0 49.0
23.1 48.2
23.2 49.4
23.3 50.6
23.4 50.8
23.5 50.0
23.6 51.2
23.7 51.4
23.8 51.6
23.9 50.8
24.0 50.0
24.1 51.2
24.2 50.4
24.3 51.6
24.4 52.8
24.5 51.0
24.6 51.2
24.7 52.4
24.8 52.6
24.9 53.8
25.0 54.0
25.1 54.2
25.2 52.4
25.3 53.6
25.4 53.8
25.5 54.0
25.6 55.2
25.7 54.4
25.8 55.6
25.9 54.8
26.0 54.0
26.1 56.2
26.2 54.4
26.3 56.6
26.4 56.8
26.5 56.0
26.6 56.2
26.7 57.4
26.8 57.6
26.9 56.8
27.0 56.0
27.1 57.2
27.2 58.4
27.3 56.6
27.4 57.8
27.5 57.0
27.6 59.2
27.7 57.4
27.8 58.6
27.9 58.8
28.0 60.0
28.1 58.2
28.2 58.4
28.3 59.6
28.4 60.8
28.5 61.0
28.6 61.2
28.7 61.4
28.8 60.6
28.9 61.8
29.0 62.0
29.1 60.2
29.2 62.4
29.3 60.6
29.4 60.8
29.5 62.0
29.6 63.2
29.7 63.4
29.8 63.6
29.9 63.8
30.0 64.0
30.1 64.2
30.2 62.4
30.3 64.6
30.4 63.8
30.5 63.0
30.6 65.2
30.7 63.4
30.8 65.6
30.9 64.8
31.0 66.0
31.1 64.2
31.2 64.4
31.3 66.6
31.4 66.8
31.5 65.0
31.6 65.2
31.7 67.4
31.8 66.6
31.9 65.8
32.0 66.0
32.1 68.2
32.2 67.4
32.3 68.6
32.4 68.8
32.5 69.0
32.6 69.2
32.7 69.4
32.8 67.6
32.9 68.8
33.0 70.0
33.1 68.2
33.2 69.4
33.3 70.6
33.4 69.8
33.5 69.0
33.6 70.2
33.7 70.4
33.8 69.6
33.9 69.8
34.0 71.0
34.1 72.2
34.2 72.4
34.3 70.6
34.4 71.8
34.5 72.0
34.6 71.2
34.7 71.4
34.8 71.6
34.9 71.8
35.0 72.0
35.1 74.2
35.2 74.4
35.3 73.6
35.4 73.8
35.5 73.0
35.6 73.2
35.7 73.4
35.8 74.6
35.9 75.8
36.0 76.0
36.1 74.2
36.2 74.4
36.3 74.6
36.4 74.8
36.5 76.0
36.6 77.2
36.7 77.4
36.8 77.6
36.9 77.8
37.0 78.0
37.1 78.2
37.2 78.4
37.3 77.6
37.4 76.8
37.5 78.0
37.6 78.2
37.7 78.4
37.8 79.6
37.9 79.8
38.0 79.0
38.1 80.2
38.2 80.4
38.3 80.6
38.4 79.8
38.5 81.0
38.6 80.2
38.7 80.4
38.8 81.6
38.9 81.8
39.0 80.0
39.1 81.2
39.2 82.4
39.3 81.6
39.4 80.8
39.5 82.0
39.6 82.2
39.7 83.4
39.8 82.6
39.9 81.8
40.0 83.0
40.1 82.2
40.2 84.4
40.3 84.6
40.4 82.8
40.5 83.0
40.6 85.2
40.7 83.4
40.8 85.6
40.9 83.8
41.0 84.0
41.1 86.2
41.2 85.4
41.3 84.6
41.4 84.8
41.5 85.0
41.6 85.2
41.7 86.4
41.8 86.6
41.9 87.8
42.0 86.0
42.1 88.2
42.2 88.4
42.3 87.6
42.4 88.8
42.5 87.0
42.6 89.2
42.7 87.4
42.8 89.6
42.9 87.8
43.0 88.0
43.1 90.2
43.2 89.4
43.3 90.6
43.4 89.8
43.5 91.0
43.6 89.2
43.7 90.4
43.8 91.6
43.9 89.8
44.0 91.0
44.1 90.2
44.2 92.4
44.3 90.6
44.4 90.8
44.5 91.0
44.6 92.2
44.7 93.4
44.8 93.6
44.9 91.8
45.0 92.0
45.1 93.2
45.2 93.4
45.3 94.6
45.4 94.8
45.5 95.0
45.6 93.2
45.7 94.4
45.8 93.6
45.9 93.8
46.0 94.0
46.1 94.2
46.2 95.4
46.3 95.6
46.4 96.8
46.5 95.0
46.6 95.2
46.7 97.4
46.8 95.6
46.9 96.8
47.0 97.0
47.1 98.2
47.2 96.4
47.3 97.6
47.4 98.8
47.5 99.0
47.6 98.2
47.7 98.4
47.8 97.6
47.9 99.8
48.0 100.0
48.1 100.2
48.2 98.4
48.3 99.6
48.4 99.8
48.5 101.0
48.6 101.2
48.7 99.4
48.8 101.6
48.9 99.8
49.0 101.0
49.1 102.2
49.2 101.4
49.3 101.6
49.4 102.8
49.5 103.0
49.6 101.2
49.7 102.4
49.8 102.6
49.9 101.8
50.0 103.0
50.1 103.2
50.2 102.4
50.3 103.6
50.4 102.8
50.5 103.0
50.6 104.2
50.7 104.4
50.8 105.6
50.9 105.8
51.0 106.0
51.1 106.2
51.2 105.4
51.3 106.6
51.4 106.8
51.5 105.0
51.6 106.2
51.7 107.4
51.8 105.6
51.9 105.8
52.0 107.0
52.1 106.2
52.2 108.4
52.3 106.6
52.4 107.8
52.5 107.0
52.6 108.2
52.7 108.4
52.8 109.6
52.9 108.8
53.0 108.0
53.1 109.2
53.2 109.4
53.3 109.6
53.4 109.8
53.5 111.0
53.6 111.2
53.7 110.4
53.8 109.6
53.9 110.8
54.0 112.0
54.1 111.2
54.2 112.4
54.3 111.6
54.4 110.8
54.5 113.0
54.6 113.2
54.7 111.4
54.8 112.6
54.9 113.8
55.0 114.0
55.1 112.2
55.2 113.4
55.3 112.6
55.4 113.8
55.5 113.0
55.6 114.2
55.7 115.4
55.8 114.6
55.9 114.8
56.0 114.0
56.1 116.2
56.2 116.4
56.3 114.6
56.4 116.8
56.5 116.0
56.6 115.2
56.7 115.4
56.8 117.6
56.9 116.8
57.0 116.0
57.1 117.2
57.2 116.4
57.3 116.6
57.4 117.8
57.5 118.0
57.6 117.2
57.7 118.4
57.8 118.6
57.9 117.8
58.0 118.0
58.1 119.2
58.2 119.4
58.3 120.6
58.4 120.8
58.5 121.0
58.6 119.2
58.7 120.4
58.8 119.6
58.9 121.8
59.0 121.0
59.1 122.2
59.2 121.4
59.3 121.6
59.4 122.8
59.5 123.0
59.6 121.2
59.7 121.4
59.8 122.6
59.9 122.8
60.0 123.0
60.1 123.2
60.2 122.4
60.3 124.6
60.4 122.8
60.5 124.0
60.6 124.2
60.7 124.4
60.8 124.6
60.9 123.8
61.0 124.0
61.1 125.2
61.2 124.4
61.3 124.6
61.4 124.8
61.5 125.0
61.6 127.2
61.7 126.4
61.8 125.6
61.9 125.8
62.0 126.0
62.1 127.2
62.2 126.4
62.3 127.6
62.4 127.8
62.5 128.0
62.6 129.2
62.7 127.4
62.8 127.6
62.9 127.8
63.0 129.0
63.1 129.2
63.2 129.4
63.3 129.6
63.4 128.8
63.5 131.0
63.6 130.2
63.7 131.4
63.8 129.6
63.9 130.8
64.0 130.0
64.1 132.2
64.2 131.4
64.3 131.6
64.4 132.8
64.5 132.0
64.6 131.2
64.7 133.4
64.8 131.6
64.9 133.8
65.0 134.0
65.1 132.2
65.2 132.4
65.3 134.6
65.4 132.8
65.5 133.0
65.6 133.2
65.7 133.4
65.8 134.6
65.9 135.8
66.0 136.0
66.1 135.2
66.2 136.4
66.3 134.6
66.4 136.8
66.5 135.0
66.6 136.2
66.7 135.4
66.8 136.6
66.9 135.8
67.0 137.0
67.1 136.2
67.2 136.4
67.3 136.6
67.4 136.8
67.5 137.0
67.6 137.2
67.7 137.4
67.8 138.6
67.9 139.8
68.0 138.0
68.1 139.2
68.2 138.4
68.3 140.6
68.4 140.8
68.5 141.0
68.6 141.2
68.7 139.4
68.8 139.6
68.9 140.8
69.0 142.0
69.1 142.2
69.2 142.4
69.3 142.6
69.4 141.8
69.5 141.0
69.6 142.2
69.7 142.4
69.8 143.6
69.9 143.8
70.0 144.0
70.1 144.2
70.2 143.4
70.3 142.6
70.4 144.8
70.5 143.0
70.6 145.2
70.7 144.4
70.8 144.6
70.9 143.8
71.0 145.0
71.1 146.2
71.2 146.4
71.3 145.6
71.4 146.8
71.5 145.0
71.6 146.2
71.7 146.4
71.8 145.6
71.9 145.8
72.0 147.0
72.1 146.2
72.2 148.4
72.3 146.6
72.4 147.8
72.5 149.0
72.6 149.2
72.7 149.4
72.8 148.6
72.9 148.8
73.0 149.0
73.1 150.2
73.2 150.4
73.3 148.6
73.4 149.8
73.5 150.0
73.6 150.2
73.7 151.4
73.8 151.6
73.9 151.8
74.0 151.0
74.1 152.2
74.2 151.4
74.3 151.6
74.4 151.8
74.5 151.0
74.6 151.2
74.7 151.4
74.8 153.6
74.9 153.8
75.0 153.0
75.1 152.2
75.2 153.4
75.3 154.6
75.4 153.8
75.5 155.0
75.6 154.2
75.7 155.4
75.8 155.6
75.9 155.8
76.0 154.0
76.1 154.2
76.2 155.4
76.3 155.6
76.4 156.8
76.5 157.0
76.6 155.2
76.7 156.4
76.8 156.6
76.9 156.8
77.0 157.0
77.1 157.2
77.2 158.4
77.3 156.6
77.4 157.8
77.5 159.0
77.6 158.2
77.7 157.4
77.8 159.6
77.9 157.8
78.0 158.0
78.1 158.2
78.2 160.4
78.3 159.6
78.4 160.8
78.5 160.0
78.6 159.2
78.7 160.4
78.8 161.6
78.9 161.8
79.0 162.0
79.1 162.2
79.2 160.4
79.3 161.6
79.4 161.8
79.5 162.0
79.6 163.2
79.7 162.4
79.8 162.6
79.9 161.8
80.0 163.0
80.1 164.2
80.2 163.4
80.3 162.6
80.4 163.8
80.5 163.0
80.6 164.2
80.7 165.4
80.8 163.6
80.9 165.8
81.0 164.0
81.1 164.2
81.2 165.4
81.3 164.6
81.4 166.8
81.5 165.0
81.6 165.2
81.7 167.4
81.8 165.6
81.9 167.8
82.0 166.0
82.1 167.2
82.2 167.4
82.3 168.6
82.4 166.8
82.5 169.0
82.6 169.2
82.7 168.4
82.8 169.6
82.9 167.8
83.0 170.0
83.1 168.2
83.2 170.4
83.3 168.6
83.4 168.8
83.5 170.0
83.6 169.2
83.7 170.4
83.8 169.6
83.9 171.8
84.0 171.0
84.1 172.2
84.2 172.4
84.3 171.6
84.4 172.8
84.5 172.0
84.6 173.2
84.7 172.4
84.8 172.6
84.9 172.8
85.0 172.0
85.1 173.2
85.2 173.4
85.3 172.6
85.4 174.8
85.5 174.0
85.6 173.2
85.7 174.4
85.8 173.6
85.9 175.8
86.0 175.0
86.1 176.2
86.2 174.4
86.3 176.6
86.4 176.8
86.5 177.0
86.6 176.2
86.7 177.4
86.8 177.6
86.9 175.8
87.0 176.0
87.1 176.2
87.2 177.4
87.3 178.6
87.4 178.8
87.5 177.0
87.6 179.2
87.7 177.4
87.8 177.6
87.9 177.8
88.0 180.0
88.1 178.2
88.2 179.4
88.3 179.6
88.4 179.8
88.5 181.0
88.6 180.2
88.7 181.4
88.8 181.6
88.9 179.8
89.0 182.0
89.1 182.2
89.2 181.4
89.3 181.6
89.4 181.8
89.5 183.0
89.6 183.2
89.7 181.4
89.8 181.6
89.9 181.8
90.0 183.0
90.1 183.2
90.2 182.4
90.3 184.6
90.4 183.8
90.5 183.0
90.6 184.2
90.7 184.4
90.8 185.6
90.9 183.8
91.0 184.0
91.1 184.2
91.2 184.4
91.3 184.6
91.4 184.8
91.5 187.0
91.6 187.2
91.7 185.4
91.8 187.6
91.9 185.8
92.0 188.0
92.1 187.2
92.2 188.4
92.3 186.6
92.4 187.8
92.5 189.0
92.6 189.2
92.7 187.4
92.8 187.6
92.9 187.8
93.0 190.0
93.1 189.2
93.2 188.4
93.3 189.6
93.4 190.8
93.5 190.0
93.6 190.2
93.7 189.4
93.8 189.6
93.9 191.8
94.0 190.0
94.1 190.2
94.2 191.4
94.3 192.6
94.4 191.8
94.5 192.0
94.6 191.2
94.7 192.4
94.8 193.6
94.9 191.8
95.0 193.0
95.1 192.2
95.2 192.4
95.3 193.6
95.4 194.8
95.5 194.0
95.6 194.2
95.7 195.4
95.8 195.6
95.9 195.8
96.0 195.0
96.1 195.2
96.2 196.4
96.3 194.6
96.4 194.8
96.5 197.0
96.6 195.2
96.7 196.4
96.8 197.6
96.9 195.8
97.0 197.0
97.1 196.2
97.2 198.4
97.3 196.6
97.4 196.8
97.5 197.0
97.6 198.2
97.7 198.4
97.8 198.6
97.9 198.8
98.0 198.0
98.1 199.2
98.2 199.4
98.3 199.6
98.4 200.8
98.5 199.0
98.6 201.2
98.7 200.4
98.8 199.6
98.9 201.8
99.0 201.0
99.1 202.2
99.2 200.4
99.3 202.6
99.4 201.8
99.5 203.0
99.6 203.2
99.7 201.4
99.8 202.6
99.9 203.8
100.0 203.0
100.1 203.2
100.2 203.4
100.3 204.6
100.4 202.8
100.5 203.0
100.6 205.2
100.7 203.4
100.8 203.6
100.9 204.8
101.0 205.0
101.1 205.2
101.2 205.4
101.3 204.6
101.4 206.8
101.5 205.0
101.6 205.2
101.7 205.4
101.8 206.6
101.9 207.8
102.0 208.0
102.1 206.2
102.2 206.4
102.3 207.6
102.4 207.8
102.5 207.0
102.6 208.2
102.7 207.4
102.8 207.6
102.9 207.8
103.0 209.0
103.1 210.2
103.2 210.4
103.3 208.6
103.4 210.8
103.5 209.0
103.6 209.2
103.7 211.4
103.8 210.6
103.9 210.8
104.0 210.0
104.1 211.2
104.2 211.4
104.3 211.6
104.4 210.8
104.5 212.0
104.6 213.2
104.7 213.4
104.8 213.6
104.9 211.8
105.0 212.0
105.1 213.2
105.2 213.4
105.3 213.6
105.4 213.8
105.5 214.0
105.6 214.2
105.7 214.4
105.8 214.6
105.9 215.8
106.0 214.0
106.1 216.2
106.2 216.4
106.3 214.6
106.4 216.8
106.5 215.0
106.6 216.2
106.7 217.4
106.8 216.6
106.9 217.8
107.0 217.0
107.1 218.2
107.2 216.4
107.3 216.6
107.4 217.8
107.5 219.0
107.6 218.2
107.7 218.4
107.8 218.6
107.9 217.8
108.0 220.0
108.1 218.2
108.2 219.4
108.3 219.6
108.4 220.8
108.5 221.0
108.6 220.2
108.7 219.4
108.8 221.6
108.9 220.8
109.0 222.0
109.1 220.2
109.2 221.4
109.3 222.6
109.4 221.8
109.5 222.0
109.6 221.2
109.7 221.4
109.8 223.6
109.9 223.8
110.0 224.0
110.1 222.2
110.2 223.4
110.3 224.6
110.4 224.8
110.5 225.0
110.6 224.2
110.7 224.4
110.8 223.6
110.9 224.8
111.0 224.0
111.1 226.2
111.2 224.4
111.3 225.6
111.4 226.8
111.5 225.0
111.6 227.2
111.7 226.4
111.8 226.6
111.9 225.8
112.0 226.0
112.1 228.2
112.2 228.4
112.3 226.6
112.4 226.8
112.5 229.0
112.6 227.2
112.7 229.4
112.8 227.6
112.9 228.8
113.0 229.0
113.1 230.2
113.2 228.4
113.3 230.6
113.4 230.8
113.5 229.0
113.6 231.2
113.7 231.4
113.8 230.6
113.9 229.8
114.0 231.0
114.1 231.2
114.2 230.4
114.3 232.6
114.4 232.8
114.5 232.0
114.6 232.2
114.7 231.4
114.8 231.6
114.9 232.8
115.0 232.0
115.1 233.2
115.2 232.4
115.3 233.6
115.4 233.8
115.5 233.0
115.6 234.2
115.7 234.4
115.8 233.6
115.9 233.8
116.0 235.0
116.1 236.2
116.2 236.4
116.3 236.6
116.4 236.8
116.5 237.0
116.6 236.2
116.7 236.4
116.8 235.6
116.9 235.8
117.0 237.0
117.1 237.2
117.2 238.4
117.3 237.6
117.4 238.8
117.5 238.0
117.6 239.2
117.7 237.4
117.8 238.6
117.9 237.8
118.0 240.0
118.1 240.2
118.2 239.4
118.3 239.6
118.4 240.8
118.5 239.0
118.6 240.2
118.7 241.4
118.8 241.6
118.9 239.8
119.0 240.0
119.1 240.2
119.2 240.4
119.3 241.6
119.4 241.8
119.5 242.0
119.6 242.2
119.7 241.4
119.8 241.6
119.9 243.8
120.0 243.0
120.1 242.2
120.2 243.4
120.3 242.6
120.4 244.8
120.5 245.0
120.6 245.2
120.7 244.4
120.8 245.6
120.9 244.8
121.0 244.0
121.1 244.2
121.2 244.4
121.3 244.6
121.4 244.8
121.5 245.0
121.6 245.2
121.7 245.4
121.8 245.6
121.9 245.8
122.0 248.0
122.1 247.2
122.2 246.4
122.3 247.6
122.4 247.8
122.5 249.0
122.6 247.2
122.7 248.4
122.8 247.6
122.9 249.8
123.0 248.0
123.1 248.2
123.2 249.4
123.3 248.6
123.4 248.8
123.5 249.0
123.6 251.2
123.7 251.4
123.8 250.6
123.9 251.8
124.0 252.0
124.1 251.2
124.2 250.4
124.3 252.6
124.4 252.8
124.5 253.0
124.6 253.2
124.7 253.4
124.8 251.6
124.9 252.8
125.0 252.0
125.1 253.2
125.2 254.4
125.3 253.6
125.4 253.8
125.5 254.0
125.6 253.2
125.7 254.4
125.8 254.6
125.9 253.8
126.0 255.0
126.1 256.2
126.2 256.4
126.3 256.6
126.4 256.8
126.5 256.0
126.6 255.2
126.7 257.4
126.8 256.6
126.9 256.8
127.0 257.0
127.1 256.2
127.2 257.4
127.3 258.6
127.4 256.8
127.5 257.0
127.6 257.2
127.7 257.4
127.8 259.6
127.9 259.8
128.0 258.0
128.1 260.2
128.2 259.4
128.3 258.6
128.4 258.8
128.5 260.0
128.6 260.2
128.7 261.4
128.8 260.6
128.9 260.8
129.0 262.0
129.1 262.2
129.2 262.4
129.3 261.6
129.4 260.8
129.5 263.0
129.6 262.2
129.7 262.4
129.8 261.6
129.9 261.8
130.0 264.0
130.1 263.2
130.2 263.4
130.3 264.6
130.4 262.8
130.5 263.0
130.6 264.2
130.7 265.4
130.8 265.6
130.9 263.8
131.0 266.0
131.1 264.2
131.2 266.4
131.3 264.6
131.4 265.8
131.5 265.0
131.6 267.2
131.7 267.4
131.8 265.6
131.9 265.8
132.0 268.0
132.1 266.2
132.2 267.4
132.3 267.6
132.4 268.8
132.5 268.0
132.6 267.2
132.7 269.4
132.8 267.6
132.9 267.8
133.0 269.0
133.1 270.2
133.2 270.4
133.3 269.6
133.4 268.8
133.5 269.0
133.6 270.2
133.7 270.4
133.8 270.6
133.9 269.8
134.0 271.0
134.1 271.2
134.2 272.4
134.3 271.6
134.4 270.8
134.5 271.0
134.6 273.2
134.7 272.4
134.8 273.6
134.9 273.8
135.0 273.0
135.1 273.2
135.2 272.4
135.3 274.6
135.4 272.8
135.5 274.0
135.6 274.2
135.7 274.4
135.8 275.6
135.9 274.8
136.0 274.0
136.1 275.2
136.2 276.4
136.3 276.6
136.4 275.8
136.5 277.0
136.6 275.2
136.7 275.4
136.8 277.6
136.9 275.8
137.0 278.0
137.1 278.2
137.2 277.4
137.3 276.6
137.4 276.8
137.5 278.0
137.6 278.2
137.7 277.4
137.8 279.6
137.9 277.8
138.0 278.0
138.1 280.2
138.2 278.4
138.3 279.6
138.4 278.8
138.5 279.0
138.6 281.2
138.7 279.4
138.8 281.6
138.9 280.8
139.0 280.0
139.1 280.2
139.2 280.4
139.3 280.6
139.4 281.8
139.5 282.0
139.6 281.2
139.7 283.4
139.8 283.6
139.9 283.8
140.0 283.0
140.1 284.2
140.2 282.4
140.3 284.6
140.4 283.8
140.5 285.0
140.6 285.2
140.7 283.4
140.8 284.6
140.9 283.8
141.0 286.0
141.1 285.2
141.2 286.4
141.3 286.6
141.4 285.8
141.5 287.0
141.6 287.2
141.7 285.4
141.8 286.6
141.9 287.8
142.0 287.0
142.1 288.2
142.2 288.4
142.3 288.6
142.4 286.8
142.5 289.0
142.6 288.2
142.7 289.4
142.8 287.6
142.9 287.8
143.0 288.0
143.1 288.2
143.2 288.4
143.3 290.6
143.4 289.8
143.5 289.0
143.6 289.2
143.7 290.4
143.8 291.6
143.9 289.8
144.0 290.0
144.1 290.2
144.2 290.4
144.3 291.6
144.4 292.8
144.5 291.0
144.6 292.2
144.7 293.4
144.8 292.6
144.9 291.8
145.0 293.0
145.1 292.2
145.2 293.4
145.3 292.6
145.4 294.8
145.5 293.0
145.6 293.2
145.7 294.4
145.8 295.6
145.9 295.8
146.0 295.0
146.1 296.2
146.2 296.4
146.3 294.6
146.4 294.8
146.5 296.0
146.6 296.2
146.7 297.4
146.8 297.6
146.9 296.8
147.0 298.0
147.1 296.2
147.2 298.4
147.3 298.6
147.4 297.8
147.5 297.0
147.6 299.2
147.7 298.4
147.8 299.6
147.9 297.8
148.0 300.0
148.1 299.2
148.2 299.4
148.3 299.6
148.4 299.8
148.5 299.0
148.6 300.2
148.7 299.4
148.8 299.6
148.9 300.8
149.0 300.0
149.1 300.2
149.2 301.4
149.3 300.6
149.4 300.8
149.5 303.0
149.6 301.2
149.7 303.4
149.8 302.6
149.9 303.8
150.0 302.0
150.1 303.2
150.2 304.4
150.3 303.6
150.4 303.8
150.5 303.0
150.6 304.2
150.7 304.4
150.8 304.6
150.9 304.8
151.0 305.0
151.1 306.2
151.2 304.4
151.3 306.6
151.4 304.8
151.5 306.0
151.6 305.2
151.7 305.4
151.8 307.6
151.9 305.8
152.0 306.0
152.1 307.2
152.2 308.4
152.3 308.6
152.4 306.8
152.5 308.0
152.6 309.2
152.7 308.4
152.8 308.6
152.9 307.8
153.0 308.0
153.1 309.2
153.2 309.4
153.3 309.6
153.4 308.8
153.5 309.0
153.6 311.2
153.7 309.4
153.8 311.6
153.9 311.8
154.0 311.0
154.1 311.2
154.2 312.4
154.3 312.6
154.4 311.8
154.5 311.0
154.6 312.2
154.7 311.4
154.8 313.6
154.9 311.8
155.0 312.0
155.1 313.2
155.2 314.4
155.3 314.6
155.4 314.8
155.5 314.0
155.6 313.2
155.7 313.4
155.8 313.6
155.9 314.8
156.0 316.0
156.1 316.2
156.2 315.4
156.3 315.6
156.4 315.8
156.5 315.0
156.6 317.2
156.7 317.4
156.8 317.6
156.9 315.8
157.0 316.0
157.1 317.2
157.2 317.4
157.3 318.6
157.4 316.8
157.5 319.0
157.6 317.2
157.7 318.4
157.8 319.6
157.9 317.8
158.0 318.0
158.1 318.2
158.2 318.4
158.3 319.6
158.4 320.8
158.5 321.0
158.6 319.2
158.7 320.4
158.8 320.6
158.9 320.8
159.0 322.0
159.1 321.2
159.2 320.4
159.3 321.6
159.4 322.8
159.5 323.0
159.6 323.2
159.7 323.4
159.8 321.6
159.9 322.8
160.0 324.0
160.1 322.2
160.2 323.4
160.3 322.6
160.4 323.8
160.5 323.0
160.6 324.2
160.7 323.4
160.8 324.6
160.9 323.8
161.0 325.0
161.1 325.2
161.2 325.4
161.3 326.6
161.4 325.8
161.5 327.0
161.6 326.2
161.7 327.4
161.8 326.6
161.9 325.8
162.0 326.0
162.1 328.2
162.2 328.4
162.3 328.6
162.4 328.8
162.5 329.0
162.6 329.2
162.7 328.4
162.8 329.6
162.9 328.8
163.0 328.0
163.1 329.2
163.2 330.4
163.3 330.6
163.4 329.8
163.5 331.0
163.6 329.2
163.7 331.4
163.8 330.6
163.9 330.8
164.0 332.0
164.1 332.2
164.2 331.4
164.3 331.6
164.4 332.8
164.5 332.0
164.6 332.2
164.7 333.4
164.8 331.6
164.9 332.8
165.0 332.0
165.1 334.2
165.2 332.4
165.3 334.6
165.4 334.8
165.5 333.0
165.6 334.2
165.7 335.4
165.8 333.6
165.9 333.8
166.0 335.0
166.1 334.2
166.2 334.4
166.3 335.6
166.4 336.8
166.5 337.0
166.6 337.2
166.7 336.4
166.8 337.6
166.9 335.8
167.0 338.0
167.1 336.2
167.2 337.4
167.3 336.6
167.4 337.8
167.5 339.0
167.6 338.2
167.7 339.4
167.8 338.6
167.9 339.8
168.0 339.0
168.1 339.2
168.2 339.4
168.3 339.6
168.4 338.8
168.5 340.0
168.6 340.2
168.7 341.4
168.8 340.6
168.9 341.8
169.0 342.0
169.1 342.2
169.2 340.4
169.3 342.6
169.4 340.8
169.5 342.0
169.6 343.2
169.7 342.4
169.8 341.6
169.9 343.8
170.0 343.0
170.1 344.2
170.2 342.4
170.3 344.6
170.4 342.8
170.5 344.0
170.6 343.2
170.7 345.4
170.8 345.6
170.9 343.8
171.0 346.0
171.1 344.2
171.2 344.4
171.3 345.6
171.4 345.8
171.5 345.0
171.6 347.2
171.7 346.4
171.8 345.6
171.9 347.8
172.0 347.0
172.1 347.2
172.2 347.4
172.3 346.6
172.4 346.8
172.5 348.0
172.6 349.2
172.7 347.4
172.8 349.6
172.9 347.8
173.0 349.0
173.1 349.2
173.2 350.4
173.3 350.6
173.4 348.8
173.5 350.0
173.6 351.2
173.7 351.4
173.8 349.6
173.9 349.8
174.0 350.0
174.1 352.2
174.2 350.4
174.3 350.6
174.4 350.8
174.5 352.0
174.6 353.2
174.7 351.4
174.8 351.6
174.9 353.8
175.0 354.0
175.1 352.2
175.2 352.4
175.3 352.6
175.4 354.8
175.5 353.0
175.6 354.2
175.7 355.4
175.8 354.6
175.9 353.8
176.0 354.0
176.1 355.2
176.2 354.4
176.3 355.6
176.4 356.8
176.5 356.0
176.6 355.2
176.7 355.4
176.8 357.6
176.9 357.8
177.0 357.0
177.1 357.2
177.2 358.4
177.3 357.6
177.4 356.8
177.5 357.0
177.6 357.2
177.7 357.4
177.8 358.6
177.9 358.8
178.0 359.0
178.1 358.2
178.2 359.4
178.3 358.6
178.4 360.8
178.5 359.0
178.6 361.2
178.7 361.4
178.8 359.6
178.9 359.8
179.0 361.0
179.1 360.2
179.2 361.4
179.3 360.6
179.4 361.8
179.5 361.0
179.6 361.2
179.7 362.4
179.8 363.6
179.9 362.8
180.0 362.0
180.1 362.2
180.2 364.4
180.3 363.6
180.4 364.8
180.5 365.0
180.6 365.2
180.7 364.4
180.8 365.6
180.9 365.8
181.0 364.0
181.1 366.2
181.2 366.4
181.3 365.6
181.4 365.8
181.5 366.0
181.6 365.2
181.7 365.4
181.8 366.6
181.9 365.8
182.0 368.0
182.1 368.2
182.2 367.4
182.3 368.6
182.4 366.8
182.5 368.0
182.6 369.2
182.7 369.4
182.8 369.6
182.9 367.8
183.0 370.0
183.1 369.2
183.2 369.4
183.3 370.6
183.4 370.8
183.5 370.0
183.6 371.2
183.7 369.4
183.8 371.6
183.9 369.8
184.0 371.0
184.1 371.2
184.2 370.4
184.3 372.6
184.4 372.8
184.5 371.0
184.6 373.2
184.7 372.4
184.8 373.6
184.9 373.8
185.0 372.0
185.1 374.2
185.2 372.4
185.3 373.6
185.4 372.8
185.5 375.0
185.6 374.2
185.7 373.4
185.8 374.6
185.9 374.8
186.0 376.0
186.1 374.2
186.2 374.4
186.3 374.6
186.4 375.8
186.5 376.0
186.6 375.2
186.7 377.4
186.8 375.6
186.9 375.8
187.0 377.0
187.1 377.2
187.2 376.4
187.3 378.6
187.4 377.8
187.5 378.0
187.6 379.2
187.7 379.4
187.8 378.6
187.9 379.8
188.0 378.0
188.1 378.2
188.2 380.4
188.3 380.6
188.4 379.8
188.5 380.0
188.6 380.2
188.7 379.4
188.8 380.6
188.9 381.8
189.0 381.0
189.1 382.2
189.2 380.4
189.3 381.6
189.4 381.8
189.5 381.0
189.6 381.2
189.7 383.4
189.8 381.6
189.9 381.8
190.0 382.0
190.1 383.2
190.2 384.4
190.3 384.6
190.4 382.8
190.5 385.0
190.6 385.2
190.7 385.4
190.8 385.6
190.9 385.8
191.0 384.0
191.1 386.2
191.2 386.4
191.3 384.6
191.4 386.8
191.5 385.0
191.6 387.2
191.7 387.4
191.8 386.6
191.9 386.8
192.0 386.0
192.1 387.2
192.2 388.4
192.3 388.6
192.4 387.8
192.5 389.0
192.6 388.2
192.7 387.4
192.8 389.6
192.9 389.8
193.0 390.0
193.1 390.2
193.2 389.4
193.3 389.6
193.4 388.8
193.5 390.0
193.6 390.2
193.7 389.4
193.8 390.6
193.9 391.8
194.0 391.0
194.1 390.2
194.2 391.4
194.3 392.6
194.4 390.8
194.5 391.0
194.6 393.2
194.7 391.4
194.8 393.6
194.9 392.8
195.0 393.0
195.1 394.2
195.2 392.4
195.3 393.6
195.4 392.8
195.5 393.0
195.6 395.2
195.7 394.4
195.8 394.6
195.9 394.8
196.0 396.0
196.1 394.2
196.2 394.4
196.3 394.6
196.4 394.8
196.5 397.0
196.6 395.2
196.7 395.4
196.8 396.6
196.9 397.8
197.0 397.0
197.1 397.2
197.2 398.4
197.3 398.6
197.4 397.8
197.5 397.0
197.6 397.2
197.7 398.4
197.8 398.6
197.9 398.8
198.0 400.0
198.1 398.2
198.2 399.4
198.3 399.6
198.4 400.8
198.5 399.0
198.6 400.2
198.7 400.4
198.8 399.6
198.9 400.8
199.0 402.0
199.1 400.2
199.2 402.4
199.3 402.6
199.4 400.8
199.5 401.0
199.6 402.2
199.7 402.4
199.8 401.6
199.9 402.8
